<floors>9</floors>

<floor1>
[2,0,0]
[2,0,0]
[2,2,2]
</floor1>

<floor2>
[2,2,2]
[0,0,2]
[0,0,2]
</floor2>

<floor3>
[2,2,2]
[2,0,2]
[2,2,2]
</floor3>

<floor4>
[0,0,2]
[0,2,2]
[2,2,0]
</floor4>

<floor5>
[2,2,2]
[2,0,2]
[2,0,0]
</floor5>

<floor6>
[2,2,0]
[0,2,0]
[2,2,2]
</floor6>

<floor7>
[0,0,2]
[0,2,2]
[2,2,2]
</floor7>

<floor8>
[2,2,0]
[2,0,0]
[2,2,2]
</floor8>

<floor9>
[2,0,0]
[2,2,2]
[2,0,2]
</floor9>



<floor10>
[0,2,0,2]
[2,2,2,2]
[0,0,0,2]
</floor10>

<floor11>
[0,0,2,0]
[2,2,2,2]
[0,2,0,2]
</floor11>

<floor12>
[2,0,2,2]
[2,2,2,0]
[2,0,2,0]
[2,2,2,2]
</floor12>

<floor13>
[2,2,0,0]
[0,2,0,0]
[2,2,2,2]
</floor13>

<floor14>
[2,2,2,2]
[2,0,0,2]
[2,0,2,0]
[2,2,2,0]
</floor14>